..\data\input\1_1__-1_1.dat
-- TINY GP (Java version) --
SEED=-1
MAX_LEN=10000
POPSIZE=100000
DEPTH=5
CROSSOVER_PROB=0.9
PMUT_PER_NODE=0.05
MIN_RANDOM=-5.0
MAX_RANDOM=17.0
GENERATIONS=40
TSIZE=2
----------------------------------
Generation=0 Avg Fitness=12194.915559848936 Best Fitness=0.0017940285736735007 Avg Size=10.98332
Best Individual: (15.311418760198148 * -1.7632726525387605)
Generation=1 Avg Fitness=5827.224458651635 Best Fitness=5.2884483729087606E-5 Avg Size=10.6928
Best Individual: (((-1.475857042427073 - 7.2883005745838005) + ((-1.401034279917198 * 9.188025276630466) + (7.2883005745838005 / (-3.4397035439401744 * -2.4097502622839455)))) - 6.242449098717515)
Generation=2 Avg Fitness=5568.3586432500815 Best Fitness=5.2884483729087606E-5 Avg Size=11.99834
Best Individual: (((-1.475857042427073 - 7.2883005745838005) + ((-1.401034279917198 * 9.188025276630466) + (7.2883005745838005 / (-3.4397035439401744 * -2.4097502622839455)))) - 6.242449098717515)
Generation=3 Avg Fitness=44.04019462267725 Best Fitness=5.2884483729087606E-5 Avg Size=14.21164
Best Individual: (((-1.475857042427073 - 7.2883005745838005) + ((-1.401034279917198 * 9.188025276630466) + (7.2883005745838005 / (-3.4397035439401744 * -2.4097502622839455)))) - 6.242449098717515)
Generation=4 Avg Fitness=28.876088010328846 Best Fitness=5.101089193715325E-6 Avg Size=16.87146
Best Individual: ((-3.191316088818191 * 8.457237615564262) + (-1.9314417681210791 / (11.418574879497868 * 16.45991058621553)))
PROBLEM SOLVED
