..\data\input\1_2__-3.14_3.14.dat
-- TINY GP (Java version) --
SEED=-1
MAX_LEN=10000
POPSIZE=100000
DEPTH=5
CROSSOVER_PROB=0.9
PMUT_PER_NODE=0.05
MIN_RANDOM=-5.0
MAX_RANDOM=17.0
GENERATIONS=40
TSIZE=2
----------------------------------
Generation=0 Avg Fitness=8425.9656486385 Best Fitness=1.943759494604791E-5 Avg Size=11.03546
Best Individual: ((-2.169698965401457 * -0.6788979227210747) * -0.6788979227210747)
Generation=1 Avg Fitness=1122.8320915319773 Best Fitness=0.0 Avg Size=10.72414
Best Individual: ((2.4366625419124546 - 8.376179403629438) / (8.376179403629438 - 2.4366625419124546))
PROBLEM SOLVED
