..\data\input\1_4__0_100.dat
-- TINY GP (Java version) --
SEED=-1
MAX_LEN=10000
POPSIZE=100000
DEPTH=5
CROSSOVER_PROB=0.9
PMUT_PER_NODE=0.05
MIN_RANDOM=-5.0
MAX_RANDOM=17.0
GENERATIONS=40
TSIZE=2
----------------------------------
Generation=0 Avg Fitness=1.064372494003997E7 Best Fitness=0.0 Avg Size=11.00942
Best Individual: (X1  + ((((16.64873679445437 + -1.6036284694111576) * X2 ) / (-3.5643031733928963 / (5.349625118597819 + 0.7974710054822891))) * (15.013433262219685 - (3.4015252741006083 * -3.5715840278570656))))
PROBLEM SOLVED
