..\data\input\1_4__-10_10.dat
-- TINY GP (Java version) --
SEED=-1
MAX_LEN=10000
POPSIZE=100000
DEPTH=5
CROSSOVER_PROB=0.9
PMUT_PER_NODE=0.05
MIN_RANDOM=-5.0
MAX_RANDOM=17.0
GENERATIONS=40
TSIZE=2
----------------------------------
Generation=0 Avg Fitness=508548.01615833654 Best Fitness=10.615134358560327 Avg Size=10.99422
Best Individual: (X1  - (((9.891855752290967 + (11.270721019759023 / -2.6679957466066204)) + ((-4.651672294454182 + 16.101570163056657) + (15.410413086180338 / 6.210908907093906))) / 0.9904398297716757))
Generation=1 Avg Fitness=24305.992869658952 Best Fitness=5.5624574758774905 Avg Size=10.51136
Best Individual: (((X1  + 4.209303227903437) - (9.787417139920208 - -2.766482288126019)) - 11.54415465033966)
Generation=2 Avg Fitness=3639.491761644374 Best Fitness=0.5833203327955285 Avg Size=11.5335
Best Individual: (((3.1083807400323806 * -2.6679957466066204) - 11.793418357435858) - ((1.498160538825073 / (5.856870982187228 * -3.415225000720034)) - X1 ))
Generation=3 Avg Fitness=1138.8150109711548 Best Fitness=0.5833203327955285 Avg Size=13.13468
Best Individual: (((3.1083807400323806 * -2.6679957466066204) - 11.793418357435858) - ((1.498160538825073 / (5.856870982187228 * -3.415225000720034)) - X1 ))
Generation=4 Avg Fitness=1030.7736466152824 Best Fitness=0.08800380207346414 Avg Size=15.34982
Best Individual: (((3.1083807400323806 * -2.6679957466066204) - 11.793418357435858) - ((1.498160538825073 / ((-2.861970766214835 / 6.0833497431852255) - (1.545897523720119 + ((-0.4660980781399715 + 9.891855752290967) - (-2.766482288126019 + -2.753305871066507))))) - X1 ))
Generation=5 Avg Fitness=828.4861684541797 Best Fitness=0.011268878344585787 Avg Size=18.29054
Best Individual: (X1  + (((((3.7058654558774204 * 1.680671842704264) / ((9.431978098741244 + -3.4489740685851826) - (3.33267633499098 + 15.256737698881977))) - ((-4.342168428082904 / 15.020611615355254) + (-3.4489740685851826 - 12.464345069848672))) / (-3.9239861072886595 * (6.137385271969999 / 7.272410462100025))) - 15.256737698881977))
Generation=6 Avg Fitness=908.2103207846887 Best Fitness=0.008621779073209268 Avg Size=22.10662
Best Individual: (((3.1083807400323806 * -2.6679957466066204) - 11.793418357435858) - ((1.3705211633914889 / ((-2.861970766214835 / 6.0833497431852255) - (1.545897523720119 + (4.136369534560124 - ((13.093336762203005 / (2.8858772396685826 / 9.891855752290967)) / -4.651672294454182))))) - X1 ))
Generation=7 Avg Fitness=1632.8390142200756 Best Fitness=0.008621779073209268 Avg Size=26.34192
Best Individual: (((3.1083807400323806 * -2.6679957466066204) - 11.793418357435858) - ((1.3705211633914889 / ((-2.861970766214835 / 6.0833497431852255) - (1.545897523720119 + (4.136369534560124 - ((13.093336762203005 / (2.8858772396685826 / 9.891855752290967)) / -4.651672294454182))))) - X1 ))
Generation=8 Avg Fitness=14293.11067834535 Best Fitness=7.588428030373962E-4 Avg Size=31.22264
Best Individual: ((1.3705211633914889 - ((1.599655239940069 - X1 ) + 6.137385271969999)) - 13.63346547462536)
Generation=9 Avg Fitness=762.9389962552794 Best Fitness=1.3338949234054098E-6 Avg Size=37.63592
Best Individual: (((3.1083807400323806 * -2.6679957466066204) - 11.793418357435858) - ((-0.4660980781399715 / ((9.891855752290967 / -2.753305871066507) - (((-1.4483989683388638 * (10.30125970699084 / 9.990423387920146)) - ((3.1083807400323806 + -2.2674253921794136) + 1.545897523720119)) - (15.010099593114035 - 9.913324130598276)))) - X1 ))
PROBLEM SOLVED
