..\data\input\1_4__0_1.dat
-- TINY GP (Java version) --
SEED=-1
MAX_LEN=10000
POPSIZE=100000
DEPTH=5
CROSSOVER_PROB=0.9
PMUT_PER_NODE=0.05
MIN_RANDOM=-5.0
MAX_RANDOM=17.0
GENERATIONS=40
TSIZE=2
----------------------------------
Generation=0 Avg Fitness=3.1997586807308726E7 Best Fitness=693.4512147322037 Avg Size=11.00148
Best Individual: ((((0.29845531988819474 / (10.787936087705994 + -2.0363664462282296)) * 2.726100146592948) + X2 ) * 2.501760200286266)
Generation=1 Avg Fitness=5101433.742614755 Best Fitness=672.0364617760238 Avg Size=9.94042
Best Individual: ((4.853263140909551 - (((4.085373197318667 + 15.784204271471761) - (11.102080068156305 * 0.6866186957923874)) * (X2  / -1.04941704082644))) / 6.740058413796632)
Generation=2 Avg Fitness=114987.11222639427 Best Fitness=579.7286897450509 Avg Size=9.92064
Best Individual: ((X2  * (X1  + (16.787211449479837 / 11.865461517284608))) * 1.5010985718336656)
Generation=3 Avg Fitness=59929.560297192074 Best Fitness=579.7286897450509 Avg Size=10.46674
Best Individual: ((X2  * (X1  + (16.787211449479837 / 11.865461517284608))) * 1.5010985718336656)
Generation=4 Avg Fitness=52897.12210032119 Best Fitness=579.7286897450509 Avg Size=11.96132
Best Individual: ((X2  * (X1  + (16.787211449479837 / 11.865461517284608))) * 1.5010985718336656)
Generation=5 Avg Fitness=139954.38222283148 Best Fitness=1.1304845948245656E-13 Avg Size=14.5951
Best Individual: ((X2  + X2 ) + X1 )
PROBLEM SOLVED
