..\data\input\1_4__-1000_1000.dat
-- TINY GP (Java version) --
SEED=-1
MAX_LEN=10000
POPSIZE=100000
DEPTH=5
CROSSOVER_PROB=0.9
PMUT_PER_NODE=0.05
MIN_RANDOM=-5.0
MAX_RANDOM=17.0
GENERATIONS=40
TSIZE=2
----------------------------------
Generation=0 Avg Fitness=2.459978475452096E7 Best Fitness=7275.087740018898 Avg Size=10.9947
Best Individual: (X1  - (9.47099553253715 * ((9.374170386707963 + 11.818570269543063) * 10.689222540130634)))
Generation=1 Avg Fitness=1433739.2624910846 Best Fitness=545.1891496969612 Avg Size=12.3525
Best Individual: ((X1  - (11.870761825668762 + ((11.870761825668762 - 12.83774065739832) - X2 ))) + X2 )
Generation=2 Avg Fitness=545537.3577320803 Best Fitness=2.7284841053187847E-12 Avg Size=15.17392
Best Individual: ((X2  + X1 ) + X2 )
PROBLEM SOLVED
