..\data\input\1_4__-1000_1000.dat
-- TINY GP (Java version) --
SEED=-1
MAX_LEN=10000
POPSIZE=100000
DEPTH=5
CROSSOVER_PROB=0.9
PMUT_PER_NODE=0.05
MIN_RANDOM=-5.0
MAX_RANDOM=17.0
GENERATIONS=40
TSIZE=2
----------------------------------
Generation=0 Avg Fitness=1.0046036939626668E11 Best Fitness=1018230.9071916977 Avg Size=10.97468
Best Individual: (1.7581341705851719 * ((((1.2225460835525457 * -3.5897877615249847) - (1.7590668289882725 - X2 )) + (X1  + (-4.857659068819988 * 11.534158313051623))) + 1.2225460835525457))
Generation=1 Avg Fitness=9.019475137209858E7 Best Fitness=619431.6937696802 Avg Size=10.12648
Best Individual: ((2.485506341252642 * (-4.644602437199223 + X2 )) + X1 )
Generation=2 Avg Fitness=1.471224773214962E7 Best Fitness=1.0901857194767217E-10 Avg Size=11.32492
Best Individual: (X1  + (X2  + X2 ))
PROBLEM SOLVED
