..\data\input\1_2__0_100.dat
-- TINY GP (Java version) --
SEED=-1
MAX_LEN=10000
POPSIZE=75000
DEPTH=5
CROSSOVER_PROB=0.9
PMUT_PER_NODE=0.05
MIN_RANDOM=-5.0
MAX_RANDOM=6.0
GENERATIONS=40
TSIZE=2
SOLVING_THRESHOLD=21.0
----------------------------------
Generation=0 Avg Fitness=693990.2041985354 Best Fitness=266.6899999999996 Avg Size=11.016346666666667
Best Individual: COS((COS(COS((3.935325556867083 / -4.150019264167359))) - X1 ))
Generation=1 Avg Fitness=40744.91375133447 Best Fitness=266.6899999999996 Avg Size=12.12984
Best Individual: COS((COS(COS((3.935325556867083 / -4.150019264167359))) - X1 ))
Generation=2 Avg Fitness=22374.56641790806 Best Fitness=131.88048780487787 Avg Size=14.406613333333333
Best Individual: (SIN(((COS(1.3951819585396512) - X1 ) + -4.150019264167359)) / COS(5.682480182421077))
Generation=3 Avg Fitness=4447609.273827148 Best Fitness=131.88048780487787 Avg Size=17.010506666666668
Best Individual: (SIN(((COS(1.3951819585396512) - X1 ) + -4.150019264167359)) / COS(5.682480182421077))
Generation=4 Avg Fitness=152053.41748781124 Best Fitness=119.71000000000025 Avg Size=19.1804
Best Individual: (SIN(COS(X1 )) + SIN(SIN(X1 )))
Generation=5 Avg Fitness=35286.55488561724 Best Fitness=2.5900000000000087 Avg Size=21.83448
Best Individual: (COS(X1 ) + SIN(X1 ))
PROBLEM SOLVED
