..\data\input\1_4__0_1.dat
-- TINY GP (Java version) --
SEED=-1
MAX_LEN=10000
POPSIZE=75000
DEPTH=5
CROSSOVER_PROB=0.9
PMUT_PER_NODE=0.05
MIN_RANDOM=-5.0
MAX_RANDOM=17.0
GENERATIONS=40
TSIZE=2
SOLVING_THRESHOLD=0.21
----------------------------------
Generation=0 Avg Fitness=2323886.277928381 Best Fitness=769.9097281380754 Avg Size=10.97832
Best Individual: (SIN(X2 ) / ((3.1302965960743556 + SIN(0.8008313434635603)) / 12.40112437450281))
Generation=1 Avg Fitness=339890.140551771 Best Fitness=728.8019024060363 Avg Size=11.827973333333333
Best Individual: (4.508651080375589 * (((3.550357326038327 + X2 ) + ((-3.5234948388930407 - (SIN(((12.683168303391206 * 3.1929048244635343) * -3.6686332129172667)) - (16.931833396465947 + SIN(2.0923998545133546)))) / -4.025868446368806)) / 1.9039238264695006))
Generation=2 Avg Fitness=186791.89957740015 Best Fitness=728.8019024060363 Avg Size=13.71824
Best Individual: (4.508651080375589 * (((3.550357326038327 + X2 ) + ((-3.5234948388930407 - (SIN(((12.683168303391206 * 3.1929048244635343) * -3.6686332129172667)) - (16.931833396465947 + SIN(2.0923998545133546)))) / -4.025868446368806)) / 1.9039238264695006))
Generation=3 Avg Fitness=204679.01408120053 Best Fitness=1.1304845948245656E-13 Avg Size=16.566693333333333
Best Individual: ((X2  + X2 ) + X1 )
PROBLEM SOLVED
