..\data\input\1_5__-100_100.dat
-- TINY GP (Java version) --
SEED=-1
MAX_LEN=10000
POPSIZE=75000
DEPTH=5
CROSSOVER_PROB=0.9
PMUT_PER_NODE=0.05
MIN_RANDOM=-5.0
MAX_RANDOM=17.0
GENERATIONS=40
TSIZE=2
SOLVING_THRESHOLD=42.0
----------------------------------
Generation=0 Avg Fitness=1.1440110407076104E7 Best Fitness=1576.2872340425567 Avg Size=11.002266666666667
Best Individual: (COS(X1 ) / COS(13.649113361249938))
Generation=1 Avg Fitness=8885583.29983444 Best Fitness=1576.2872340425567 Avg Size=12.070773333333333
Best Individual: (COS(X1 ) / COS(13.649113361249938))
Generation=2 Avg Fitness=83914.43631231468 Best Fitness=1564.0498855892822 Avg Size=14.01704
Best Individual: ((COS(X1 ) * SIN((10.942591447615468 / -1.4860646213109385))) * -2.1860665106830393)
Generation=3 Avg Fitness=638738.4122641414 Best Fitness=1564.0498855892822 Avg Size=16.351706666666665
Best Individual: ((COS(X1 ) * SIN((10.942591447615468 / -1.4860646213109385))) * -2.1860665106830393)
Generation=4 Avg Fitness=18324.243215871495 Best Fitness=1561.4999999999957 Avg Size=18.803253333333334
Best Individual: (COS(X1 ) + COS(X1 ))
Generation=5 Avg Fitness=629803.6598926785 Best Fitness=1488.500000000004 Avg Size=20.6688
Best Individual: (COS(X1 ) + SIN((X1  + 1.9463970474397216)))
Generation=6 Avg Fitness=689442.2722360594 Best Fitness=1487.499999999991 Avg Size=24.182026666666665
Best Individual: (COS(X1 ) + SIN(((X1  + (6.902760494579141 / (-1.4860646213109385 + 2.5600045119712282))) + 1.9463970474397216)))
Generation=7 Avg Fitness=243446.64039333735 Best Fitness=1467.1023918191013 Avg Size=30.699253333333335
Best Individual: (SIN((COS(((3.921289500562958 * 12.296790673911751) + 13.649113361249938)) + (X1  - 14.398481931448252))) * -2.134594341552086)
Generation=8 Avg Fitness=156888.67485016756 Best Fitness=715.9999999999973 Avg Size=38.6936
Best Individual: (COS(X1 ) + SIN((COS(X1 ) + SIN((SIN(((11.2248723715587 + 3.921289500562958) / (X1  - (9.624703032034882 * ((-1.4860646213109385 - 9.673594777682442) - (-1.4860646213109385 + 11.032675240735703)))))) + ((X1  / (-3.373828024093805 + 15.742635437577501)) * 6.267231890837724))))))
Generation=9 Avg Fitness=237695.45199415152 Best Fitness=715.9999999999973 Avg Size=47.47405333333333
Best Individual: (COS(X1 ) + SIN((COS(X1 ) + SIN((SIN(((11.2248723715587 + 3.921289500562958) / (X1  - (9.624703032034882 * ((-1.4860646213109385 - 9.673594777682442) - (-1.4860646213109385 + 11.032675240735703)))))) + ((X1  / (-3.373828024093805 + 15.742635437577501)) * 6.267231890837724))))))
Generation=10 Avg Fitness=305739.4053045852 Best Fitness=519.9999999999976 Avg Size=55.99304
Best Individual: (COS(X1 ) + (COS(X1 ) + SIN((SIN(((11.2248723715587 + 3.921289500562958) / (X1  - (9.624703032034882 * ((-1.4860646213109385 - 9.673594777682442) - (-1.4860646213109385 + 11.032675240735703)))))) + ((X1  / (-3.373828024093805 + 15.742635437577501)) * 6.267231890837724)))))
Generation=11 Avg Fitness=180864.52975142814 Best Fitness=503.49999999999557 Avg Size=60.90834666666667
Best Individual: (COS(X1 ) + SIN((COS(X1 ) + SIN((X1  / 1.9990012398544463)))))
Generation=12 Avg Fitness=22837.03405360927 Best Fitness=23.500000000000128 Avg Size=66.63434666666667
Best Individual: (COS(X1 ) + (COS(X1 ) + SIN((X1  / 1.9990012398544463))))
PROBLEM SOLVED
