..\data\input\1_2__-100_100.dat
-- TINY GP (Java version) --
SEED=-1
MAX_LEN=10000
POPSIZE=50000
DEPTH=5
CROSSOVER_PROB=0.9
PMUT_PER_NODE=0.05
MIN_RANDOM=-5.0
MAX_RANDOM=6.0
GENERATIONS=40
TSIZE=2
SOLVING_THRESHOLD=42.0
----------------------------------
Generation=0 Avg Fitness=151546.30323568705 Best Fitness=266.12999999999965 Avg Size=6.99628
Best Individual: COS((X1  - SIN((COS(-4.572819981279466) + COS(0.18212664703079273)))))
Generation=1 Avg Fitness=46007.86256642492 Best Fitness=263.7699999999996 Avg Size=6.92784
Best Individual: SIN((COS(COS((-4.572819981279466 * 0.18212664703079273))) + X1 ))
Generation=2 Avg Fitness=23151.006807557158 Best Fitness=263.6799999999999 Avg Size=8.41528
Best Individual: SIN((((0.9959799510398613 - ((-2.620411549021378 - -4.856474406416337) - -3.278945527312765)) * -1.563914157326041) + X1 ))
Generation=3 Avg Fitness=36651.521010036515 Best Fitness=57.939100987082185 Avg Size=10.78056
Best Individual: (0.7292174245976941 * (1.9751812445352588 * SIN(((5.269619197519365 / (4.204092139450008 + 3.065155669304996)) + X1 ))))
Generation=4 Avg Fitness=119467.43487511855 Best Fitness=2.550000000000006 Avg Size=13.54984
Best Individual: (COS(X1 ) + SIN(X1 ))
PROBLEM SOLVED
