..\data\input\1_4__-10_10.dat
-- TINY GP (Java version) --
SEED=-1
MAX_LEN=10000
POPSIZE=50000
DEPTH=5
CROSSOVER_PROB=0.9
PMUT_PER_NODE=0.05
MIN_RANDOM=-5.0
MAX_RANDOM=17.0
GENERATIONS=40
TSIZE=2
SOLVING_THRESHOLD=4.2
----------------------------------
Generation=0 Avg Fitness=5.88615799847265E7 Best Fitness=5363.232998249139 Avg Size=7.0002
Best Individual: (((15.384168221989718 * (X2  - SIN(8.038122153773))) / 7.1554167926370695) + (3.522542495676289 * (X1  / 3.0394375041712856)))
Generation=1 Avg Fitness=187217.0098471326 Best Fitness=5363.232998249139 Avg Size=6.94332
Best Individual: (((15.384168221989718 * (X2  - SIN(8.038122153773))) / 7.1554167926370695) + (3.522542495676289 * (X1  / 3.0394375041712856)))
Generation=2 Avg Fitness=222589.87417274446 Best Fitness=5363.232998249139 Avg Size=8.0956
Best Individual: (((15.384168221989718 * (X2  - SIN(8.038122153773))) / 7.1554167926370695) + (3.522542495676289 * (X1  / 3.0394375041712856)))
Generation=3 Avg Fitness=106763.71077156298 Best Fitness=2576.2536561619218 Avg Size=9.06026
Best Individual: (((-0.3683014624647729 + X2 ) + (X1  + (SIN(7.1554167926370695) * COS(8.894713857658544)))) + X2 )
Generation=4 Avg Fitness=123980.96542410657 Best Fitness=1.24938948076192E-12 Avg Size=9.2849
Best Individual: (X1  + (X2  + X2 ))
PROBLEM SOLVED
