..\data\input\1_4__0_100.dat
-- TINY GP (Java version) --
SEED=-1
MAX_LEN=10000
POPSIZE=100000
DEPTH=5
CROSSOVER_PROB=0.9
PMUT_PER_NODE=0.05
MIN_RANDOM=-5.0
MAX_RANDOM=17.0
GENERATIONS=40
TSIZE=2
----------------------------------
Generation=0 Avg Fitness=5.134159027137452E8 Best Fitness=50686.994909950015 Avg Size=11.00978
Best Individual: (0.32515128918295755 + (X1  + (((X2  * 4.555325691186859) / (13.608771188641388 - 11.454929648858393)) + 14.200788018142799)))
Generation=1 Avg Fitness=1.1746616076514162E7 Best Fitness=4540.74533623258 Avg Size=10.4063
Best Individual: (((-3.732548831869602 + 8.12763395526192) * ((((((1.7430119520674099 / (11.866353341973628 / 15.168736482657629)) - ((-4.439391305506872 / 1.5788814519550458) * (1.163811929718121 - 10.519597291820157))) - (X2  + ((-0.4463873299675267 + 15.384815984407087) / (11.316747145233439 - 1.2328305882282145)))) * -0.4463873299675267) + (16.63071834922411 / -4.403551243736325)) - 6.787077358829439)) + X1 )
Generation=2 Avg Fitness=1191154.0935205938 Best Fitness=4540.74533623258 Avg Size=11.81364
Best Individual: (((-3.732548831869602 + 8.12763395526192) * ((((((1.7430119520674099 / (11.866353341973628 / 15.168736482657629)) - ((-4.439391305506872 / 1.5788814519550458) * (1.163811929718121 - 10.519597291820157))) - (X2  + ((-0.4463873299675267 + 15.384815984407087) / (11.316747145233439 - 1.2328305882282145)))) * -0.4463873299675267) + (16.63071834922411 / -4.403551243736325)) - 6.787077358829439)) + X1 )
Generation=3 Avg Fitness=1222474.8026649035 Best Fitness=961.9724782811447 Avg Size=13.88992
Best Individual: ((X1  - (-2.548095245070747 - ((X2  + 11.014713709136828) + (X2  - 15.168736482657629)))) - -1.9907165197625014)
Generation=4 Avg Fitness=875599.9667529918 Best Fitness=1.3109513474773848E-11 Avg Size=16.5309
Best Individual: ((X2  + X2 ) + X1 )
PROBLEM SOLVED
