..\data\input\1_4__-10_10.dat
-- TINY GP (Java version) --
SEED=-1
MAX_LEN=10000
POPSIZE=100000
DEPTH=5
CROSSOVER_PROB=0.9
PMUT_PER_NODE=0.05
MIN_RANDOM=-5.0
MAX_RANDOM=17.0
GENERATIONS=40
TSIZE=2
----------------------------------
Generation=0 Avg Fitness=2.6997727138401795E7 Best Fitness=12754.000000000035 Avg Size=10.98642
Best Individual: (X2  + X1 )
Generation=1 Avg Fitness=3859705.404499991 Best Fitness=12754.0 Avg Size=10.92148
Best Individual: (X2  + (X2  - -0.08099643959630232))
Generation=2 Avg Fitness=349613.60828030057 Best Fitness=8523.737817631367 Avg Size=13.30808
Best Individual: ((X2  + X1 ) * (11.55616155240098 / 7.571737831888711))
Generation=3 Avg Fitness=5744717.239745936 Best Fitness=1.24938948076192E-12 Avg Size=15.1788
Best Individual: ((X2  + X2 ) + X1 )
PROBLEM SOLVED
