..\data\input\1_2__-100_100.dat
-- TINY GP (Java version) --
SEED=-1
MAX_LEN=10000
POPSIZE=75000
DEPTH=5
CROSSOVER_PROB=0.9
PMUT_PER_NODE=0.05
MIN_RANDOM=-5.0
MAX_RANDOM=6.0
GENERATIONS=40
TSIZE=2
SOLVING_THRESHOLD=42.0
----------------------------------
Generation=0 Avg Fitness=880952.1978843451 Best Fitness=209.60999999999996 Avg Size=10.962373333333334
Best Individual: SIN((SIN(((3.1199921046656645 + X1 ) - 5.581108199974615)) / SIN((4.624208044748666 + -0.8022780302612444))))
Generation=1 Avg Fitness=13848.685434433117 Best Fitness=209.60999999999996 Avg Size=11.91992
Best Individual: SIN((SIN(((3.1199921046656645 + X1 ) - 5.581108199974615)) / SIN((4.624208044748666 + -0.8022780302612444))))
Generation=2 Avg Fitness=61405.34430004481 Best Fitness=209.60999999999996 Avg Size=14.030986666666667
Best Individual: SIN((SIN(((3.1199921046656645 + X1 ) - 5.581108199974615)) / SIN((4.624208044748666 + -0.8022780302612444))))
Generation=3 Avg Fitness=49761.39981518704 Best Fitness=149.18555555555554 Avg Size=16.321573333333333
Best Individual: (SIN(((3.1199921046656645 + X1 ) - 5.581108199974615)) / SIN((4.624208044748666 + -0.8022780302612444)))
Generation=4 Avg Fitness=25280.12190575615 Best Fitness=50.9519657282049 Avg Size=17.98048
Best Individual: (1.3486904942188165 * COS(((0.8085724406306429 - -4.186591416314453) + (X1  - (SIN((COS(5.459095151359222) / 3.5522925317141425)) / -0.4049357141781593)))))
Generation=5 Avg Fitness=1690907.9515178702 Best Fitness=50.9519657282049 Avg Size=20.426346666666667
Best Individual: (1.3486904942188165 * COS(((0.8085724406306429 - -4.186591416314453) + (X1  - (SIN((COS(5.459095151359222) / 3.5522925317141425)) / -0.4049357141781593)))))
Generation=6 Avg Fitness=3745.281388651997 Best Fitness=18.312857142857165 Avg Size=26.40642666666667
Best Individual: (SIN(((X1  - (SIN(2.933535751943487) * -3.781938390694516)) + ((-0.014242568577770953 + 1.791248623787765) * -0.014242568577770953))) / COS(-0.8022780302612444))
PROBLEM SOLVED
