..\data\input\1_2__-3.14_3.14.dat
-- TINY GP (Java version) --
SEED=-1
MAX_LEN=10000
POPSIZE=75000
DEPTH=5
CROSSOVER_PROB=0.9
PMUT_PER_NODE=0.05
MIN_RANDOM=-5.0
MAX_RANDOM=6.0
GENERATIONS=40
TSIZE=2
SOLVING_THRESHOLD=1.3188
----------------------------------
Generation=0 Avg Fitness=44296.13540187204 Best Fitness=177.65000000000012 Avg Size=11.028666666666666
Best Individual: SIN(((SIN(-2.5569770079113265) - (-0.5652372057895132 + X1 )) + (-0.5886967937082437 - 3.2163629090392583)))
Generation=1 Avg Fitness=14382.228029730946 Best Fitness=165.86999999999995 Avg Size=12.153653333333333
Best Individual: COS((((SIN(-3.302686889297081) + X1 ) + -1.3051967197586247) - (0.6374060776256121 / -1.889752550730421)))
Generation=2 Avg Fitness=77057.43981627257 Best Fitness=73.04993620537776 Avg Size=14.51784
Best Individual: ((SIN((-2.2835733338662942 + X1 )) * SIN(-1.889752550730421)) / 0.7539260951894473)
Generation=3 Avg Fitness=15977.316539699246 Best Fitness=73.04993620537776 Avg Size=17.084506666666666
Best Individual: ((SIN((-2.2835733338662942 + X1 )) * SIN(-1.889752550730421)) / 0.7539260951894473)
Generation=4 Avg Fitness=1144029.427895725 Best Fitness=19.815000000000033 Avg Size=19.163173333333333
Best Individual: (SIN(X1 ) + (SIN(1.8789281478248228) * COS(X1 )))
Generation=5 Avg Fitness=2161.832487839943 Best Fitness=19.815000000000033 Avg Size=22.00728
Best Individual: (SIN(X1 ) + (SIN(1.8789281478248228) * COS(X1 )))
Generation=6 Avg Fitness=1799.8402036842783 Best Fitness=19.815000000000033 Avg Size=26.44456
Best Individual: (SIN(X1 ) + (SIN(1.8789281478248228) * COS(X1 )))
Generation=7 Avg Fitness=337.5286766980744 Best Fitness=19.815000000000033 Avg Size=31.54088
Best Individual: (SIN(X1 ) + (SIN(1.8789281478248228) * COS(X1 )))
Generation=8 Avg Fitness=306.08611304539147 Best Fitness=1.2600000000000158 Avg Size=37.11896
Best Individual: (SIN(X1 ) + (SIN((2.438428783047609 - 0.933011268562062)) * COS(X1 )))
PROBLEM SOLVED
