..\data\input\1_4__0_100.dat
-- TINY GP (Java version) --
SEED=-1
MAX_LEN=10000
POPSIZE=75000
DEPTH=5
CROSSOVER_PROB=0.9
PMUT_PER_NODE=0.05
MIN_RANDOM=-5.0
MAX_RANDOM=17.0
GENERATIONS=40
TSIZE=2
SOLVING_THRESHOLD=21.0
----------------------------------
Generation=0 Avg Fitness=1.9068058979739774E7 Best Fitness=77233.48802194085 Avg Size=11.00472
Best Individual: (8.667873729297382 + (9.669435585687113 * (X2  / 3.4606547096016644)))
Generation=1 Avg Fitness=1.5851784396861413E7 Best Fitness=69226.89365208913 Avg Size=10.579546666666667
Best Individual: ((16.284345716508156 * 4.742442673245586) - (((4.824142543688218 + (X2  * 4.498744648340194)) / -3.0096302932619903) + 4.742442673245586))
Generation=2 Avg Fitness=1.5718971234581804E7 Best Fitness=686.4687877925702 Avg Size=11.325253333333333
Best Individual: (X1  + ((X2  / -0.021278732781719434) / (COS(1.2222673015620567) - (16.3246182730239 + 7.577720848115407))))
Generation=3 Avg Fitness=4.512962791691309E7 Best Fitness=686.4687877925702 Avg Size=13.241386666666667
Best Individual: (X1  + ((X2  / -0.021278732781719434) / (COS(1.2222673015620567) - (16.3246182730239 + 7.577720848115407))))
Generation=4 Avg Fitness=4.568320484890733E7 Best Fitness=1.7697843190944695E-11 Avg Size=15.76864
Best Individual: ((X1  + X2 ) + X2 )
PROBLEM SOLVED
