..\data\input\1_4__-1000_1000.dat
-- TINY GP (Java version) --
SEED=-1
MAX_LEN=10000
POPSIZE=75000
DEPTH=5
CROSSOVER_PROB=0.9
PMUT_PER_NODE=0.05
MIN_RANDOM=-5.0
MAX_RANDOM=17.0
GENERATIONS=40
TSIZE=2
SOLVING_THRESHOLD=420.0
----------------------------------
Generation=0 Avg Fitness=1.2099232891215771E7 Best Fitness=1032598.8010834095 Avg Size=11.041146666666666
Best Individual: ((SIN(12.64531850372504) + X1 ) - (X2  * -2.8095575895786187))
Generation=1 Avg Fitness=5337973.786084801 Best Fitness=1032598.8010834095 Avg Size=11.369226666666666
Best Individual: ((SIN(12.64531850372504) + X1 ) - (X2  * -2.8095575895786187))
Generation=2 Avg Fitness=4475946.872865934 Best Fitness=333414.14698640816 Avg Size=12.756586666666667
Best Individual: ((4.785905705375573 - (-2.2613967330608196 * X2 )) + (X1  - 6.530626004088626))
Generation=3 Avg Fitness=2.1235364316519983E7 Best Fitness=29.981095372856757 Avg Size=14.37408
Best Individual: (((((4.785905705375573 + -2.44209573578992) / (2.7460350138332563 + X1 )) + X2 ) + X1 ) + X2 )
PROBLEM SOLVED
