..\data\input\1_4__-10_10.dat
-- TINY GP (Java version) --
SEED=-1
MAX_LEN=10000
POPSIZE=75000
DEPTH=5
CROSSOVER_PROB=0.9
PMUT_PER_NODE=0.05
MIN_RANDOM=-5.0
MAX_RANDOM=17.0
GENERATIONS=40
TSIZE=2
SOLVING_THRESHOLD=4.2
----------------------------------
Generation=0 Avg Fitness=2648278.140223575 Best Fitness=12754.000000000035 Avg Size=11.026773333333333
Best Individual: (X2  + X1 )
Generation=1 Avg Fitness=737229.0039003075 Best Fitness=12754.000000000035 Avg Size=12.278133333333333
Best Individual: (X2  + X1 )
Generation=2 Avg Fitness=189003.16123924017 Best Fitness=12754.000000000035 Avg Size=14.450133333333333
Best Individual: (X2  + X1 )
Generation=3 Avg Fitness=164782.2403343398 Best Fitness=3917.213266988705 Avg Size=16.857413333333334
Best Individual: (((-0.15254683927885093 - SIN((5.813446974302698 / 9.418216120510849))) + X2 ) + ((((2.2268678344476402 + -2.3644260656980336) + X1 ) - (-3.32231638565311 + 0.88532600832841)) + X2 ))
Generation=4 Avg Fitness=164197.82650423967 Best Fitness=1.4994117059075052E-12 Avg Size=19.091573333333333
Best Individual: (X2  + (X2  + X1 ))
PROBLEM SOLVED
