..\data\input\1_2__0_100.dat
-- TINY GP (Java version) --
SEED=-1
MAX_LEN=10000
POPSIZE=50000
DEPTH=5
CROSSOVER_PROB=0.9
PMUT_PER_NODE=0.05
MIN_RANDOM=-5.0
MAX_RANDOM=6.0
GENERATIONS=40
TSIZE=2
SOLVING_THRESHOLD=21.0
----------------------------------
Generation=0 Avg Fitness=114357.36024862176 Best Fitness=264.5499999999998 Avg Size=6.98506
Best Individual: COS(((5.997602071373109 * (5.678876941144253 / 4.8347346203695185)) - X1 ))
Generation=1 Avg Fitness=22388.671181016758 Best Fitness=195.03250000000014 Avg Size=6.92176
Best Individual: (SIN(((X1  + 5.293931102081945) - (5.644333073673213 - COS(0.33923427579387955)))) / COS(COS((-0.48127524852671044 - -1.3546267022155485))))
Generation=2 Avg Fitness=5928.558510973312 Best Fitness=110.24728067924052 Avg Size=8.5267
Best Individual: (COS(X1 ) + (SIN(X1 ) * (COS((0.8216355445064307 / -0.6786033783312648)) + 0.8216355445064307)))
Generation=3 Avg Fitness=64604.31104139547 Best Fitness=2.5900000000000087 Avg Size=11.26706
Best Individual: (COS(X1 ) + SIN(X1 ))
PROBLEM SOLVED
