..\data\input\1_2__-3.14_3.14.dat
-- TINY GP (Java version) --
SEED=-1
MAX_LEN=10000
POPSIZE=50000
DEPTH=5
CROSSOVER_PROB=0.9
PMUT_PER_NODE=0.05
MIN_RANDOM=-5.0
MAX_RANDOM=6.0
GENERATIONS=40
TSIZE=2
SOLVING_THRESHOLD=1.3188
----------------------------------
Generation=0 Avg Fitness=130338.23842442715 Best Fitness=165.5600000000002 Avg Size=6.94986
Best Individual: SIN((X1  - SIN(4.024813303089227)))
Generation=1 Avg Fitness=8789.126838587295 Best Fitness=165.5600000000002 Avg Size=6.90642
Best Individual: SIN((X1  - SIN(4.024813303089227)))
Generation=2 Avg Fitness=28062.28800972222 Best Fitness=99.59435869602848 Avg Size=8.3663
Best Individual: (COS(((((SIN((SIN(1.1903860404654418) * -3.3180437667922043)) / COS(1.557166128184594)) + -1.5888833372815778) * 1.9109604984345268) + (X1  + (-3.654330095499764 * -2.9289051660533247)))) * (4.4501614218243315 / -2.8252638516991815))
Generation=3 Avg Fitness=43975.350722339856 Best Fitness=99.59435869602848 Avg Size=10.53564
Best Individual: (COS(((((SIN((SIN(1.1903860404654418) * -3.3180437667922043)) / COS(1.557166128184594)) + -1.5888833372815778) * 1.9109604984345268) + (X1  + (-3.654330095499764 * -2.9289051660533247)))) * (4.4501614218243315 / -2.8252638516991815))
Generation=4 Avg Fitness=60122.48718357899 Best Fitness=1.2600000000000158 Avg Size=12.80308
Best Individual: (SIN(X1 ) + COS(X1 ))
PROBLEM SOLVED
