..\data\input\1_4__-1000_1000.dat
-- TINY GP (Java version) --
SEED=-1
MAX_LEN=10000
POPSIZE=50000
DEPTH=5
CROSSOVER_PROB=0.9
PMUT_PER_NODE=0.05
MIN_RANDOM=-5.0
MAX_RANDOM=17.0
GENERATIONS=40
TSIZE=2
SOLVING_THRESHOLD=420.0
----------------------------------
Generation=0 Avg Fitness=4.168231590249892E7 Best Fitness=1275510.0000000077 Avg Size=6.97718
Best Individual: (X2  + X1 )
Generation=1 Avg Fitness=4976153.813797663 Best Fitness=699556.9875734282 Avg Size=6.67872
Best Individual: (X1  + ((-4.431525749130565 * (X2  - 8.155972752670552)) / (5.165326557848964 / -1.6919629110587469)))
Generation=2 Avg Fitness=1.6478513759369832E7 Best Fitness=1862.3293096506889 Avg Size=7.3412
Best Individual: ((X2  + (X2  - (2.9449711344168428 / 3.953343695924101))) + X1 )
Generation=3 Avg Fitness=8280567.957435195 Best Fitness=1.0901857194767217E-10 Avg Size=8.46948
Best Individual: (((X2  + X2 ) / COS(COS(1.5755561501928819))) + X1 )
PROBLEM SOLVED
