..\data\input\1_4__0_100.dat
-- TINY GP (Java version) --
SEED=-1
MAX_LEN=10000
POPSIZE=50000
DEPTH=5
CROSSOVER_PROB=0.9
PMUT_PER_NODE=0.05
MIN_RANDOM=-5.0
MAX_RANDOM=17.0
GENERATIONS=40
TSIZE=2
SOLVING_THRESHOLD=21.0
----------------------------------
Generation=0 Avg Fitness=1.8530445210698164E8 Best Fitness=68510.1480760941 Avg Size=7.01116
Best Individual: (-2.0379231170270558 * ((((0.6894749636049777 - 6.805164593102642) - 9.944173362998024) - X2 ) - SIN(((0.6615241255832309 * -3.478319930106493) * 2.3666017789396383))))
Generation=1 Avg Fitness=1740324.6132829154 Best Fitness=68510.1480760941 Avg Size=7.04488
Best Individual: (-2.0379231170270558 * ((((0.6894749636049777 - 6.805164593102642) - 9.944173362998024) - X2 ) - SIN(((0.6615241255832309 * -3.478319930106493) * 2.3666017789396383))))
Generation=2 Avg Fitness=792068.6092063283 Best Fitness=66002.56572196457 Avg Size=8.08842
Best Individual: ((16.697429035299127 + X2 ) / 0.4727864992383797)
Generation=3 Avg Fitness=3015590.7538573714 Best Fitness=43988.44790491159 Avg Size=9.74184
Best Individual: ((X2  + X1 ) / 0.6894749636049777)
Generation=4 Avg Fitness=763103.2337633949 Best Fitness=23108.445464969373 Avg Size=11.6085
Best Individual: (8.0496450618875 + (COS(5.065588993574412) + ((((COS((6.401429747469248 + -2.0379231170270558)) + (COS((COS(8.164688275330988) / (12.0708772854585 / 6.401429747469248))) + X2 )) + 9.015185230169822) / COS(11.632693856068208)) + (((6.069128781584004 * (X1  - 6.401429747469248)) + 16.697429035299127) / 7.576208137190527))))
Generation=5 Avg Fitness=4566472.697859254 Best Fitness=1.7697843190944695E-11 Avg Size=13.94416
Best Individual: ((X2  + X1 ) + X2 )
PROBLEM SOLVED
