..\data\input\1_4__0_1.dat
-- TINY GP (Java version) --
SEED=-1
MAX_LEN=10000
POPSIZE=50000
DEPTH=5
CROSSOVER_PROB=0.9
PMUT_PER_NODE=0.05
MIN_RANDOM=-5.0
MAX_RANDOM=17.0
GENERATIONS=40
TSIZE=2
SOLVING_THRESHOLD=0.21
----------------------------------
Generation=0 Avg Fitness=3726204.2558342065 Best Fitness=713.4541094014401 Avg Size=6.9769
Best Individual: (X1  + (SIN((0.7287755221681316 + (-3.508054900556285 + X2 ))) * ((8.047655629799907 / (11.985753264975209 + -4.194884391418363)) / COS(2.313133375425367))))
Generation=1 Avg Fitness=289006.1395350436 Best Fitness=713.4541094014401 Avg Size=6.4364
Best Individual: (X1  + (SIN((0.7287755221681316 + (-3.508054900556285 + X2 ))) * ((8.047655629799907 / (11.985753264975209 + -4.194884391418363)) / COS(2.313133375425367))))
Generation=2 Avg Fitness=112131.09042141362 Best Fitness=713.4541094014401 Avg Size=6.87486
Best Individual: (X1  + (SIN((0.7287755221681316 + (-3.508054900556285 + X2 ))) * ((8.047655629799907 / (11.985753264975209 + -4.194884391418363)) / COS(2.313133375425367))))
Generation=3 Avg Fitness=212417.1295336383 Best Fitness=713.4541094014401 Avg Size=8.16588
Best Individual: (X1  + (SIN((0.7287755221681316 + (-3.508054900556285 + X2 ))) * ((8.047655629799907 / (11.985753264975209 + -4.194884391418363)) / COS(2.313133375425367))))
Generation=4 Avg Fitness=94398.71566700522 Best Fitness=663.2399999999991 Avg Size=9.94956
Best Individual: ((SIN(X1 ) - COS(14.812742595678376)) + X2 )
Generation=5 Avg Fitness=211858.89004619332 Best Fitness=615.3627 Avg Size=12.1741
Best Individual: (COS(COS(SIN(7.523001361016751))) + ((COS((2.269008492220099 * 2.523786230484755)) * (X1  + COS(SIN(((9.816684013244068 - -3.919393113504545) + -4.599980270092573))))) * X2 ))
Generation=6 Avg Fitness=310551.7735426121 Best Fitness=310.7500000000016 Avg Size=14.5962
Best Individual: (((COS((2.269008492220099 * 2.523786230484755)) * COS(0.2145950406238466)) * X2 ) + (X1  + SIN(X2 )))
Generation=7 Avg Fitness=149735.92053918733 Best Fitness=102.00000000000004 Avg Size=16.73968
Best Individual: ((X2  + X1 ) + SIN(X2 ))
Generation=8 Avg Fitness=53584.57361433493 Best Fitness=1.1304845948245656E-13 Avg Size=18.89416
Best Individual: (X1  + (X2  + X2 ))
PROBLEM SOLVED
