-- TINY GP (Java version) --
SEED=-1
MAX_LEN=10000
POPSIZE=100000
DEPTH=5
CROSSOVER_PROB=0.9
PMUT_PER_NODE=0.05
MIN_RANDOM=-5.0
MAX_RANDOM=17.0
GENERATIONS=100
TSIZE=2
----------------------------------
Generation=0 Avg Fitness=1.5992120997666972E9 Best Fitness=5.406997789852986E8 Avg Size=11.04914
Best Individual: (((2.660211094489206 - 11.437560296364516) + X1 ) * (((11.779192961660723 + (15.989399011793367 * 11.860369957107782)) * ((11.061227748205972 / 7.28523261022568) + 11.537629822963975)) * 11.779192961660723))
